img1.png: 0.203587
img10.png: 0.169007
img11.png: 0.122101
img12.png: 0.143676
img13.png: 0.181881
img14.png: 0.145856
img15.png: 0.173384
img16.png: 0.167021
img17.png: 0.186315
img18.png: 0.176802
img19.png: 0.134566
img2.png: 0.183541
img20.png: 0.164310
img3.png: 0.176797
img4.png: 0.188190
img5.png: 0.146423
img6.png: 0.195833
img7.png: 0.215403
img8.png: 0.162411
img9.png: 0.167705
